{
  "camera_angle_x": 1.159896100436268,
  "camera_angle_y": 0.9133601063937232,
  "fl_x": 3077.42,
  "fl_y": 3077.42,
  "k1": 0.0724491,
  "k2": 0,
  "p1": 0,
  "p2": 0,
  "cx": 2016.0,
  "cy": 1512.0,
  "w": 4032.0,
  "h": 3024.0,
  "aabb_scale": 16,
  "frames": [
    {
      "file_path": "./..\\cruiseplush/20220120_211812.jpg",
      "sharpness": 41.73233602670587,
      "transform_matrix": [
        [
          0.5429047787744002,
          -0.7523986216417475,
          -0.3730291941021645,
          -1.713739235426515
        ],
        [
          0.47938533420143004,
          -0.08705103907184258,
          0.8732765057749973,
          4.336326026473914
        ],
        [
          -0.6895246138541526,
          -0.652930717223436,
          0.31342841090998647,
          1.3453991983572369
        ],
        [
          0.0,
          0.0,
          0.0,
          1.0
        ]
      ]
    },
    {
      "file_path": "./..\\cruiseplush/20220120_211816.jpg",
      "sharpness": 40.61496467750892,
      "transform_matrix": [
        [
          0.292586919593686,
          -0.8093185148923786,
          -0.5093097714541014,
          -2.832499760081511
        ],
        [
          0.36485108292465823,
          -0.3978408739357365,
          0.8417875818429037,
          4.407722899069633
        ],
        [
          -0.8838985133397661,
          -0.43211825772294,
          0.17887770120576063,
          1.2154965616252027
        ],
        [
          0.0,
          0.0,
          0.0,
          1.0
        ]
      ]
    },
    {
      "file_path": "./..\\cruiseplush/20220120_211820.jpg",
      "sharpness": 37.84366492708116,
      "transform_matrix": [
        [
          0.031461748162865066,
          -0.6950226461090603,
          -0.7182990375619748,
          -3.7837242007761525
        ],
        [
          0.2489717424340516,
          -0.6905525202338234,
          0.6790803286045444,
          3.4068680338800648
        ],
        [
          -0.9679995646114199,
          -0.20020122738731191,
          0.1513151174349314,
          0.5688081609630999
        ],
        [
          0.0,
          0.0,
          0.0,
          1.0
        ]
      ]
    },
    {
      "file_path": "./..\\cruiseplush/20220120_211823.jpg",
      "sharpness": 44.04217143435407,
      "transform_matrix": [
        [
          -0.21591797091987056,
          -0.4602402064806057,
          -0.8611376860780255,
          -4.224420924981497
        ],
        [
          -0.05156396093829768,
          -0.8753359556690359,
          0.4807575577305766,
          2.2661219928345067
        ],
        [
          -0.9750489244572845,
          0.148207864892011,
          0.16526915372639844,
          1.0224048478879773
        ],
        [
          0.0,
          0.0,
          0.0,
          1.0
        ]
      ]
    },
    {
      "file_path": "./..\\cruiseplush/20220120_211827.jpg",
      "sharpness": 35.88366570446046,
      "transform_matrix": [
        [
          -0.3753072285127785,
          0.002552661007632012,
          -0.9268974885207593,
          -4.848808265715984
        ],
        [
          -0.4438391999325041,
          -0.8783931573183282,
          0.17729421532911832,
          1.0113124799998465
        ],
        [
          -0.8137272150404391,
          0.47793326063236496,
          0.3307995359130006,
          1.757018815550892
        ],
        [
          0.0,
          0.0,
          0.0,
          1.0
        ]
      ]
    },
    {
      "file_path": "./..\\cruiseplush/20220120_211831.jpg",
      "sharpness": 39.61298355541423,
      "transform_matrix": [
        [
          -0.3407136559730959,
          0.3638977071350171,
          -0.866886979081097,
          -4.4351462097405046
        ],
        [
          -0.7014798545528221,
          -0.7123083715184717,
          -0.0233060535710806,
          0.1326120307736081
        ],
        [
          -0.625971641683362,
          0.6001630713397725,
          0.49795982347187795,
          2.6332345006982028
        ],
        [
          0.0,
          0.0,
          0.0,
          1.0
        ]
      ]
    },
    {
      "file_path": "./..\\cruiseplush/20220120_211836.jpg",
      "sharpness": 40.465435591550154,
      "transform_matrix": [
        [
          0.07961264322581726,
          0.6624390443174702,
          -0.744873040417073,
          -3.2318013039521873
        ],
        [
          -0.9922218207164369,
          -0.019071798505167502,
          -0.12301036541110154,
          -0.6533465135701224
        ],
        [
          -0.09569322220381421,
          0.7488725183001633,
          0.6557685175340109,
          3.0186824617269035
        ],
        [
          0.0,
          0.0,
          0.0,
          1.0
        ]
      ]
    },
    {
      "file_path": "./..\\cruiseplush/20220120_211839.jpg",
      "sharpness": 36.000667919750775,
      "transform_matrix": [
        [
          0.37245481519170587,
          0.7108947318917089,
          -0.5965799155313303,
          -2.3174806499513925
        ],
        [
          -0.9100778935188273,
          0.4056783925243106,
          -0.08476474750566738,
          -0.4701690975535318
        ],
        [
          0.18176159024776314,
          0.5745050273019442,
          0.7980652208109953,
          3.7442752899008536
        ],
        [
          0.0,
          0.0,
          0.0,
          1.0
        ]
      ]
    },
    {
      "file_path": "./..\\cruiseplush/20220120_211844.jpg",
      "sharpness": 32.8368277238223,
      "transform_matrix": [
        [
          0.6859493056179365,
          0.6130744700076379,
          -0.39193382665800053,
          -1.2913761476482493
        ],
        [
          -0.662674288356838,
          0.7488179896865745,
          0.011534464333347733,
          -0.08426828659603079
        ],
        [
          0.30055797222169045,
          0.25181257708126736,
          0.9199207893436151,
          3.429874101927716
        ],
        [
          0.0,
          0.0,
          0.0,
          1.0
        ]
      ]
    },
    {
      "file_path": "./..\\cruiseplush/20220120_211846.jpg",
      "sharpness": 42.503800171884805,
      "transform_matrix": [
        [
          0.7946722227608355,
          0.48037659779599057,
          -0.3711264682932021,
          -0.9717291733741945
        ],
        [
          -0.5032188884964388,
          0.8632404317484657,
          0.03984136753561001,
          0.33079481777266806
        ],
        [
          0.33951049718494297,
          0.15509692771774578,
          0.9277273712380724,
          3.726470499201784
        ],
        [
          0.0,
          0.0,
          0.0,
          1.0
        ]
      ]
    },
    {
      "file_path": "./..\\cruiseplush/20220120_211902_001.jpg",
      "sharpness": 85.84117240111628,
      "transform_matrix": [
        [
          0.18404173421212194,
          0.22175741366424925,
          -0.9575759051088021,
          -2.751141250722744
        ],
        [
          -0.7602266773174204,
          0.6496424572715783,
          0.004334187229115793,
          0.028137908616432856
        ],
        [
          0.6230429065726232,
          0.7271773211338852,
          0.28814773513739017,
          0.14762892219770846
        ],
        [
          0.0,
          0.0,
          0.0,
          1.0
        ]
      ]
    },
    {
      "file_path": "./..\\cruiseplush/20220120_211911.jpg",
      "sharpness": 31.491730845633615,
      "transform_matrix": [
        [
          -0.15536541179143484,
          0.037591814935370844,
          -0.9871419932837152,
          -2.764622513447111
        ],
        [
          -0.8117850071013725,
          0.5645590905464601,
          0.14926426135475707,
          0.5495208867009801
        ],
        [
          0.5629112088316838,
          0.8245373325819727,
          -0.0571969348144865,
          -0.3372068203440091
        ],
        [
          0.0,
          0.0,
          0.0,
          1.0
        ]
      ]
    },
    {
      "file_path": "./..\\cruiseplush/20220120_211915.jpg",
      "sharpness": 37.779539191107034,
      "transform_matrix": [
        [
          0.029036560028005594,
          0.007141074913276809,
          -0.9995528042769852,
          -2.809239436468054
        ],
        [
          -0.8354744501216311,
          0.549152318304467,
          -0.02034676715735663,
          0.0007655058441139828
        ],
        [
          0.548761423563812,
          0.8356916607226447,
          0.02191173288024021,
          0.050796175368626476
        ],
        [
          0.0,
          0.0,
          0.0,
          1.0
        ]
      ]
    },
    {
      "file_path": "./..\\cruiseplush/20220120_211937.jpg",
      "sharpness": 117.9395961655504,
      "transform_matrix": [
        [
          0.509444335675579,
          -0.15588510350896645,
          -0.8462662080786855,
          -2.108636151800319
        ],
        [
          -0.43911173724267816,
          0.7986753128006185,
          -0.4114601990560103,
          -0.9333467625208156
        ],
        [
          0.7400325545138996,
          0.5812213283164279,
          0.3384294298161696,
          0.7243725739444848
        ],
        [
          0.0,
          0.0,
          0.0,
          1.0
        ]
      ]
    },
    {
      "file_path": "./..\\cruiseplush/20220120_212015.jpg",
      "sharpness": 32.063503733415956,
      "transform_matrix": [
        [
          -0.8730948746060013,
          -0.3658216151657196,
          -0.32230535690980927,
          -0.958675444931177
        ],
        [
          -0.31863686378455025,
          -0.07221599693025796,
          0.9451220450856584,
          2.0589588732711697
        ],
        [
          -0.3690216840170533,
          0.9278795712785551,
          -0.05351289496391391,
          -0.20115623483580367
        ],
        [
          0.0,
          0.0,
          0.0,
          1.0
        ]
      ]
    },
    {
      "file_path": "./..\\cruiseplush/20220120_212019.jpg",
      "sharpness": 32.45884250044619,
      "transform_matrix": [
        [
          -0.8051966201547462,
          -0.16921153136161582,
          -0.568353589642752,
          -2.1136812304137322
        ],
        [
          -0.5526313653529985,
          -0.13349018765584456,
          0.8226657365703611,
          3.0161269343871964
        ],
        [
          -0.2150741570456507,
          0.9764976939755153,
          0.013974264957585426,
          0.23147401596799963
        ],
        [
          0.0,
          0.0,
          0.0,
          1.0
        ]
      ]
    },
    {
      "file_path": "./..\\cruiseplush/20220120_212022.jpg",
      "sharpness": 33.4732312036167,
      "transform_matrix": [
        [
          -0.9036139284108711,
          -0.012651880374536838,
          -0.4281597644904243,
          -2.5089573317222356
        ],
        [
          -0.41716908426180577,
          -0.20085961631307656,
          0.8863549360987529,
          3.6994562223511887
        ],
        [
          -0.09721406084477455,
          0.979537695720048,
          0.17622185031208837,
          0.9056511704957477
        ],
        [
          0.0,
          0.0,
          0.0,
          1.0
        ]
      ]
    },
    {
      "file_path": "./..\\cruiseplush/20220120_212025.jpg",
      "sharpness": 41.222435680076096,
      "transform_matrix": [
        [
          -0.9418382794616593,
          0.3208246041300446,
          -0.10006180232561276,
          -0.33923302550677226
        ],
        [
          -0.26151062242321765,
          -0.5126464763217314,
          0.8178054813823189,
          2.7924930330702225
        ],
        [
          0.21107578997808846,
          0.7964077438341931,
          0.566729070296647,
          2.159842121303882
        ],
        [
          0.0,
          0.0,
          0.0,
          1.0
        ]
      ]
    }
  ]
}